,Правило_454781480_0_ПЗ_1,Правило_454781480_1_ПЗ_1,Правило_454782416_1_ПЗ_1,Правило_Здоров_ПЗ_1,Правило_Болен_ПЗ_1,Правило_573198808_0_ПЗ_2,Правило_573200968_0_ПЗ_2,Правило_573198808_1_ПЗ_2,Правило_573200968_1_ПЗ_2,Правило_3_ПЗ_2,Правило_4_ПЗ_2,
Правило_454781480_0_ПЗ_1,[ 1.000000 1.000000 ],[ 0.764706 0.882353 ],[ 0.764706 0.764706 ],[ 0.647059 0.823529 ],[ 0.647059 0.823529 ],[ 0.764706 0.882353 ],[ 0.764706 0.764706 ],[ 0.764706 0.882353 ],[ 0.764706 0.764706 ],[ 0.647059 0.823529 ],[ 0.647059 0.823529 ],
Правило_454781480_1_ПЗ_1,[ 0.764706 0.882353 ],[ 1.000000 1.000000 ],[ 0.882353 0.882353 ],[ 0.647059 0.941176 ],[ 0.647059 0.941176 ],[ 0.764706 1.000000 ],[ 0.764706 0.882353 ],[ 0.764706 1.000000 ],[ 0.764706 0.882353 ],[ 0.647059 0.941176 ],[ 0.647059 0.941176 ],
Правило_454782416_1_ПЗ_1,[ 0.764706 0.764706 ],[ 0.882353 0.882353 ],[ 1.000000 1.000000 ],[ 0.647059 0.941176 ],[ 0.647059 0.941176 ],[ 0.764706 0.882353 ],[ 0.764706 1.000000 ],[ 0.764706 0.882353 ],[ 0.764706 1.000000 ],[ 0.647059 0.941176 ],[ 0.647059 0.941176 ],
Правило_Здоров_ПЗ_1,[ 0.647059 0.823529 ],[ 0.647059 0.941176 ],[ 0.647059 0.941176 ],[ 1.000000 1.000000 ],[ 1.000000 1.000000 ],[ 0.647059 0.941176 ],[ 0.647059 0.941176 ],[ 0.647059 0.941176 ],[ 0.647059 0.941176 ],[ 1.000000 1.000000 ],[ 1.000000 1.000000 ],
Правило_Болен_ПЗ_1,[ 0.647059 0.823529 ],[ 0.647059 0.941176 ],[ 0.647059 0.941176 ],[ 1.000000 1.000000 ],[ 1.000000 1.000000 ],[ 0.647059 0.941176 ],[ 0.647059 0.941176 ],[ 0.647059 0.941176 ],[ 0.647059 0.941176 ],[ 1.000000 1.000000 ],[ 1.000000 1.000000 ],
Правило_573198808_0_ПЗ_2,[ 0.764706 0.882353 ],[ 0.764706 1.000000 ],[ 0.764706 0.882353 ],[ 0.647059 0.941176 ],[ 0.647059 0.941176 ],[ 1.000000 1.000000 ],[ 0.882353 0.882353 ],[ 0.764706 1.000000 ],[ 0.764706 0.882353 ],[ 0.647059 0.941176 ],[ 0.647059 0.941176 ],
Правило_573200968_0_ПЗ_2,[ 0.764706 0.764706 ],[ 0.764706 0.882353 ],[ 0.764706 1.000000 ],[ 0.647059 0.941176 ],[ 0.647059 0.941176 ],[ 0.882353 0.882353 ],[ 1.000000 1.000000 ],[ 0.764706 0.882353 ],[ 0.764706 1.000000 ],[ 0.647059 0.941176 ],[ 0.647059 0.941176 ],
Правило_573198808_1_ПЗ_2,[ 0.764706 0.882353 ],[ 0.764706 1.000000 ],[ 0.764706 0.882353 ],[ 0.647059 0.941176 ],[ 0.647059 0.941176 ],[ 0.764706 1.000000 ],[ 0.764706 0.882353 ],[ 1.000000 1.000000 ],[ 0.882353 0.882353 ],[ 0.647059 0.941176 ],[ 0.647059 0.941176 ],
Правило_573200968_1_ПЗ_2,[ 0.764706 0.764706 ],[ 0.764706 0.882353 ],[ 0.764706 1.000000 ],[ 0.647059 0.941176 ],[ 0.647059 0.941176 ],[ 0.764706 0.882353 ],[ 0.764706 1.000000 ],[ 0.882353 0.882353 ],[ 1.000000 1.000000 ],[ 0.647059 0.941176 ],[ 0.647059 0.941176 ],
Правило_3_ПЗ_2,[ 0.647059 0.823529 ],[ 0.647059 0.941176 ],[ 0.647059 0.941176 ],[ 1.000000 1.000000 ],[ 1.000000 1.000000 ],[ 0.647059 0.941176 ],[ 0.647059 0.941176 ],[ 0.647059 0.941176 ],[ 0.647059 0.941176 ],[ 1.000000 1.000000 ],[ 1.000000 1.000000 ],
Правило_4_ПЗ_2,[ 0.647059 0.823529 ],[ 0.647059 0.941176 ],[ 0.647059 0.941176 ],[ 1.000000 1.000000 ],[ 1.000000 1.000000 ],[ 0.647059 0.941176 ],[ 0.647059 0.941176 ],[ 0.647059 0.941176 ],[ 0.647059 0.941176 ],[ 1.000000 1.000000 ],[ 1.000000 1.000000 ],






